3000 E20060081312013815607534,1,,7
3000 E20060081312013815607545,1,,7
3000 E20060081312013815607535,1,,7
3001 E20060081312013815607546,1,,7
3000 E20060081312013815607536,1,,7
3002 E20060081312013815607547,1,,7
3000 E20060081312013815607537,1,,7
3003 E20060081312013815607548,1,,7
3000 E20060081312013815607538,1,,7
3004 E20060081312013815607549,1,,7
3000 E20060081312013815607539,1,,7
3005 E20060081312013815607550,1,,7
3000 E20060081312013815607540,1,,7
3006 E20060081312013815607551,1,,7
3000 E20060081312013815607541,1,,7
3007 E20060081312013815607552,1,,7
3000 E20060081312013815607542,1,,7
3008 E20060081312013815607553,1,,7
3000 E20060081312013815607543,2,,7
3009 E20060081312013815607554,2,,7
3000 E20060081312013815607544,2,,7
3010 E20060081312013815607555,2,,7
3000E20060081312014715607558,1,,7
3000E200600813120165156075A0,1,,7
3000E200600813120121156074F0,1,,7
3000E20060081312015815607584,1,,7
3000E20060081312013115607518,1,,7
